2.10955	-0.0270176	-0.0165833	-0.0123673	-0.0277672	0.00417435	-0.00592507	-0.0056728	-0.0104764	-0.00607936	-0.0237526	-0.00742115	-0.00558119	-0.0088877	-0.0118102	-0.00323121	-0.00517314	-0.0071284	-0.0106463	-0.00775102	-0.00622798	-0.0240673	-0.0308644	-0.00814829	-0.0132766	-0.0118148	-0.00802679	-0.00448191	-0.0191638	-0.00145079	0.00417088	-0.0124984	-0.00495803	-0.0253866	0.00288	-0.0128802	-0.00241025	-0.026751	-0.00556273	-0.0122615	-0.00849155	-0.00744261	-0.0137928	-0.0116761	-0.00844735	-0.0266215	-0.0085299	-0.00766517	-0.0051887	-0.016792	-0.00984319	-0.00113932	-0.0100154	-0.00948542	-0.015689	-0.0135229	0.00606667	-0.00520018	-0.00424029	-0.0165314	-0.00755586	0.000952746	-0.00990251	-0.00841634	-0.00962571	-0.00418049	-0.00451305	0.00141939	-0.00372006	-0.00298701	-0.0113548	-0.0120929	-0.00764169	0.0254731	0.00270348	-0.0198988	-0.0154839	-0.0125891	-0.0105411	0.0115315	0.0285855	-0.0233512	-0.00623972	-0.0102367	-0.00994451	-0.0118102	0.015808	-0.00613995	-0.00674179	-0.00655987	-0.000110016	0.010008	-0.0174709	-0.00389497	-0.00510727	-0.00751493	-0.0129539	-0.0268894	-0.0154493	-0.0221935	-0.0226628	-0.00522417	-0.0121481	-0.0191669	-0.0102276	-0.0154171	-0.0148867	-0.0247176	-0.00975938	-0.0177251	-0.0100588	-0.00948244	-0.00536937	-0.0103468	-0.00811523	-0.0108577	-0.00603314	-0.0100821	-0.00398934	-0.029802	0.0030936	-0.0154345	-0.0101324	-0.0114176	-0.00459578	-0.00351361	-0.0157221	-0.014011	-0.0105677	-0.0105595	-0.00613131	-0.0109103	-0.0137531	-0.0120125	-0.00862243	-0.0251995	-0.0132423	-0.0282245	-0.012983	-0.0194988	-0.0203733	-0.00715622	-0.009276	0.000216626	-0.0318731	-0.00291498	-0.00983475	-0.0203551	-0.0211833	-0.00836928	-0.00233311	-0.0130945	-0.0134572	-0.0138412	-0.0137049	-0.00988864	-0.00629658	-0.0292961	-0.0100975	-0.00569534	-0.00853511	-0.00643384	-0.0252957	-0.0139108	-0.0202103	-0.015141	-0.00711205	-0.0171229	-0.0156056	-0.0135473	-0.0139254	-0.00180016	-0.0103376	-0.0078334	-0.0165438	-0.0195889	-0.0125674	-0.0128287	-0.0158342	-0.0138947	-0.00740333	-0.0113012	-0.0261625	-0.0191082	-0.00786017	-0.0149196	-0.0243762	-0.0110392	-0.00867676	-0.0115084	-0.0144094	-0.0164911	-0.0117018	-0.0118308	-0.0100231	-0.00909057	0.00095293	0.00134775	-0.0186588	-0.0121684	-0.012544	-0.00642889	-0.0196706	-0.00988674	-0.0140211
-0.0270176	2.76616	-0.0356532	-0.0197525	0.0820578	-0.0256454	-0.0273955	-0.0226306	-0.0248604	-0.0297639	0.137724	-0.0302713	-0.0286249	-0.0198093	-0.0297774	-0.0341134	-0.0219557	-0.0205789	-0.0127505	-0.00362644	-0.0260431	0.0511347	-0.028175	-0.00584172	-0.0325154	-0.0185303	-0.0234553	-0.0237723	-0.0414162	-0.0289621	-0.0326241	-0.0193433	-0.0303074	0.0506454	-0.0257934	-0.0292234	-0.0201305	-0.0133036	-0.0304441	-0.0265332	-0.00139835	-0.0245967	-0.0203797	-0.014041	-0.0145909	0.165145	-0.0242182	-0.010118	-0.0307908	-0.0201039	-0.0188087	-0.0188626	-0.0127541	-0.0287188	-0.0338404	-0.0316116	-0.0221187	-0.0260416	-0.0229829	0.0353294	-0.0218988	-0.0264665	-0.0133178	-0.0251499	-0.0222557	-0.00672488	-0.0226823	-0.0233359	-0.0169175	-0.0248323	-0.00988583	-0.0112332	-0.0204611	0.0083185	0.0261091	-0.0160453	-0.0220976	-0.0233686	-0.0215006	-0.0246138	0.0106382	0.169278	-0.0266305	-0.0275283	-0.0226256	-0.00249326	-0.00209098	-0.0254739	-0.0274372	-0.0325396	-0.0283215	-0.0270295	-0.0147066	-0.0217611	-0.0190793	-0.00996318	-0.028616	0.0355771	-0.0313825	0.0786667	0.0487137	-0.0216098	-0.0299892	-0.0300514	-0.0225645	-0.0289088	-0.00654938	0.0534728	-0.0231842	-0.0129394	-0.024187	-0.0295783	-0.019108	-0.0285467	-0.0234297	-0.0102751	-0.0204554	-0.0262559	-0.0269625	0.116934	-0.0045598	-0.0208616	-0.0213972	-0.0188269	-0.027393	-0.0254203	-0.0157181	-0.0194455	-0.0295969	-0.0257376	-0.0256222	-0.0318183	-0.031878	-0.010825	-0.0255371	0.0640033	-0.0357231	0.0445377	-0.0201348	0.0498249	0.045967	-0.0255165	-0.0245654	-0.0351612	-0.047589	-0.0257623	-0.0181957	-0.0262268	-0.0336681	-0.0194499	-0.0258407	-0.0251043	-0.0279428	-0.0239955	-0.014031	-0.0229925	-0.0232574	0.0789005	-0.0254099	-0.0161849	-0.0279908	-0.0241964	-0.0511508	-0.0237466	-0.0330185	-0.023795	-0.0317632	-0.0220097	-0.0291309	-0.0293831	-0.0168624	-0.0205942	-0.0333646	-0.00984812	-0.0347971	-0.0197352	-0.0313687	-0.0261339	-0.0262278	-0.0302048	-0.0233527	-0.0152803	0.0759508	-0.0291554	-0.0120413	-0.0349267	-0.0223032	-0.0295915	-0.0329894	-0.0238558	-0.0319942	-0.0188656	-0.0289078	-0.0342251	-0.0206822	-0.0314256	-0.0251424	-0.0202847	0.0603626	-0.0290501	-0.0290288	-0.0284063	-0.0292233	-0.0247164	-0.025968
-0.0165833	-0.0356532	2.25381	-0.0188462	0.0166291	-0.0150189	-0.0265098	-0.0196093	-0.0237018	-0.0198421	-0.0333787	0.00104668	-0.0315956	0.0633467	0.16511	-0.020345	-0.0270704	-0.0196494	-0.028901	-0.0240441	-0.00650395	-0.0394648	-0.0483276	-0.026017	-0.0339608	-0.0268572	-0.0195824	-0.0196904	-0.0364612	-0.0247462	-0.0184008	-0.0179092	-0.011596	-0.0100454	-0.0212398	-0.0280827	-0.0149759	-0.0462893	-0.0136736	-0.026992	-0.0277949	-0.0305774	-0.0210248	-0.0184837	-0.0147171	-0.0380385	-0.018527	-0.0033652	0.0291385	-0.00943707	-0.0236413	-0.0271676	0.015165	-0.0219354	0.158786	-0.0252306	-0.0215337	-0.00866524	-0.0185723	-0.0392484	-0.00443619	-0.00675204	-0.0191731	-0.0196376	-0.0240865	-0.0142245	0.0645966	-0.00468644	0.00123475	-0.00344887	-0.00135566	-0.00453763	-0.0153911	-0.00394851	-0.00775416	0.0206306	-0.0308578	-0.0332039	-0.0258615	-0.0153619	-0.00786637	-0.037556	-0.0237184	-0.0223045	-0.019644	-0.0242651	-0.0232244	-0.0293529	-0.0133542	-0.0211822	0.01905	-0.0232844	0.0883592	-0.0202589	-0.0168535	-0.0278836	-0.0269489	-0.0286393	-0.0295082	-0.0382127	-0.0223857	-0.029447	-0.0254481	-0.0323781	-0.0132594	-0.0297914	-0.0259154	-0.0137363	0.0741028	-0.0129784	-0.0203984	0.100821	-0.0226304	-0.00630337	-0.0280144	-0.0122729	-0.0289541	-0.0180815	-0.0177753	-0.0328465	-0.00831281	-0.0168719	-0.0282861	-0.025405	-0.0240425	-0.0211251	-0.0129132	-0.0242309	-0.0167329	-0.0265535	-0.000881361	0.0294181	-0.00283867	-0.0107198	-0.00359977	-0.0371175	-0.031474	-0.0409173	-0.0235511	-0.033805	-0.031937	-0.0193605	-0.0223279	0.20212	-0.0456938	-0.0146667	-0.013441	0.010113	0.0212435	0.018076	-0.00654831	0.00218893	-0.0288753	-0.0311141	-0.0158741	-0.0195125	0.00470488	-0.0434322	-0.0285973	-0.02475	-0.0292808	-0.0173127	-0.0515881	-0.0215448	-0.0314733	-0.0216612	-0.0283825	-0.0258363	-0.0319658	-0.0262652	-0.0268035	-0.0209467	-0.0206254	-0.0267917	0.0325804	0.169883	-0.0243103	-0.0291502	0.00707079	-0.0072281	-0.0253625	-0.0275357	-0.0424094	-0.0201456	-0.0251377	-0.015853	0.232617	-0.0172263	0.00273699	0.0104303	-0.0196905	0.0292468	-0.0228599	-0.0297583	-0.0200958	-0.0269982	-0.0223151	-0.0131842	-0.0227254	-0.0201185	-0.0275247	-0.0200592	0.00934606	-0.0259879	-0.0176042
-0.0123673	-0.0197525	-0.0188462	1.63613	-0.00190454	0.0106919	0.0917308	0.0665594	-0.00733813	-0.0148819	-0.00420344	-0.0034154	-0.0148776	-0.0079913	-0.0220346	-0.0140141	-0.00952483	-0.0126419	-0.0108664	-0.0096017	-0.00779755	-0.0100338	0.0125072	-0.00905235	-0.00443946	-0.008847	-0.0125394	0.0124736	-0.0216147	-0.0170469	-0.00973683	-0.01263	-0.00636041	-0.0157681	-0.0166422	-0.0149131	-0.0103219	-0.0154179	-0.00698356	-0.0148854	-0.00430787	-0.0134416	-0.00514204	-0.0138343	-0.00722365	-0.0263969	-0.0119714	-0.0119969	-0.0108885	-0.00903538	-0.00942837	-0.00868248	-0.0101383	-0.00420547	-0.0262016	-0.00640092	-0.0100293	0.00354758	-0.00877209	-0.0172348	-0.00365495	-0.00398407	-0.00134276	-0.00337505	-0.0130369	-0.00569863	-0.00703949	-0.00878246	-0.00240454	-0.00561616	-0.011657	-0.0154978	-0.0083966	0.0192523	-0.00187413	-0.0125326	-0.0165604	-0.0153531	-0.0132487	-0.0133378	-0.0148164	-0.0232515	-0.00729072	-0.00362474	-0.00532873	-0.0046687	-0.013554	-0.00885429	-0.0135211	-0.0075218	-0.0134894	-0.0111638	-0.016874	-0.0150769	-0.00837197	-0.011714	-0.000103387	-0.00414447	-0.0177967	-0.0193963	0.00965828	-0.0179321	-0.0129204	-0.0206666	0.00048446	-0.0195032	-0.0095118	0.0158719	-0.00327931	0.0213783	-0.0111452	-0.0115498	-0.0028725	0.0103971	-0.0085469	-0.013696	-0.014998	-0.0139146	-0.0122844	-0.00247276	-0.00734471	-0.00886385	-0.0148782	-0.00923774	-0.00943787	-0.00733131	-0.00996482	-0.0042643	-0.0162057	-0.00614193	-0.000288467	-0.0113549	0.00175044	-0.0122401	-0.00150663	-0.0226046	-0.0142013	-0.0136028	-0.0121816	-0.00468588	-0.00622428	-0.00830489	-0.0133848	-0.0248464	-0.000635957	-0.00832402	-0.011759	-0.0145038	-0.0165563	-0.0130184	-0.00744489	0.0165742	-0.0156666	-0.0142561	0.00616522	-0.00713291	-0.000731066	-0.0127065	-0.0153485	-0.0143659	-0.008592	-0.00707409	-0.0018417	-0.0111629	-0.0248414	-0.0113985	-0.0115466	-0.00993029	-0.0111136	-0.0101557	0.00829996	-0.0114238	-0.0144913	-0.0057809	-0.0240779	-0.0185468	-0.013613	-0.0153976	-0.0112612	-0.0131731	-0.0128298	-0.011604	-0.0246503	-0.00116587	-0.0107149	-0.0164452	-0.0234046	-0.0018759	-0.0107958	-0.0136818	-0.0110753	-0.00502849	-0.00958441	-0.0163189	0.00103348	-0.0116675	-0.00778645	-0.0112602	-0.015828	0.0180201	-0.00285599	-0.00342668	-0.00908352	-0.00610248	0.0315825
-0.0277672	0.0820578	0.0166291	-0.00190454	2.21743	-0.0208226	-0.032976	-0.0264461	-0.0299794	-0.0342964	0.123488	-0.0174969	-0.029129	0.0108415	-0.0264237	-0.0302649	-0.0301604	-0.0277635	-0.0113019	-0.00559685	-0.0196671	0.0751392	-0.021874	-0.00933965	-0.0409646	-0.0131319	-0.0291775	-0.0253687	-0.0390721	-0.0272568	-0.0246647	-0.024379	-0.0247689	0.0455065	-0.0297441	-0.0352659	-0.0253875	-0.0379051	-0.0115773	-0.0326513	-0.0279861	-0.0257583	-0.0276704	-0.0269004	-0.0253929	0.120325	-0.0253828	-0.00465691	0.0179818	-0.0269871	-0.0271183	-0.0272576	-0.0141739	-0.0228875	-0.0362739	-0.0242535	-0.0274698	-0.0187418	-0.0230288	0.0546125	-0.0249395	-0.0130974	0.0133007	-0.0273198	-0.0233258	-0.0250554	0.00423973	-0.0264342	-0.00971425	-0.0266676	-0.011719	-0.011453	-0.0254369	0.0754024	0.0516094	0.0342814	-0.0270331	-0.0299426	-0.0332676	-0.0269905	0.0497013	0.0576971	-0.0244866	-0.0213603	-0.02361	-0.0317029	-0.0336876	-0.0316441	-0.0290699	-0.0177223	0.0182897	-0.0245937	-0.0119727	-0.0279907	-0.0254415	-0.0150194	-0.0285627	0.0351467	-0.0340385	0.0560411	0.0860047	-0.0288525	-0.0311507	-0.0370309	-0.0227983	-0.0357467	-0.0121916	0.0843214	0.0174229	-0.0175892	-0.0319156	0.0222661	-0.0284823	-0.0184379	-0.0290475	-0.0161457	-0.0281232	-0.0258402	-0.0283098	0.027657	0.00042211	-0.0305255	-0.0284947	-0.0285782	-0.0270852	-0.0287468	-0.00290361	-0.0218725	-0.0320251	-0.0236893	-0.00376851	0.0284785	-0.0126745	-0.0138693	-0.0124608	0.0720573	-0.0325237	0.0683929	-0.030067	0.0837629	0.0546377	-0.0202225	-0.030162	-0.0330494	-0.0482354	-0.029437	-0.025172	0.0186807	0.00302139	0.0110134	-0.0325572	-0.0380821	-0.0168552	-0.0318792	-0.0239136	-0.0308291	-0.00213769	0.219592	-0.0360841	-0.0346429	-0.0287315	-0.0245898	-0.0533801	-0.0295139	-0.045932	-0.0290054	-0.0303751	-0.0299021	-0.0329756	-0.0280611	-0.00545212	-0.0282517	-0.026873	-0.0218305	0.0232992	-0.017504	-0.0211478	-0.032433	0.0192422	-0.0232104	-0.027452	-0.0328141	0.0526109	-0.025878	-0.0120944	-0.0307638	-0.0357842	-0.0205176	-0.0127574	-0.0277859	-0.0268614	0.00842595	-0.0326181	-0.0415205	-0.0216857	-0.0398095	-0.0313589	-0.0192243	0.065651	-0.025591	-0.0233509	-0.0278555	0.00429256	-0.0261452	-0.0237262
0.00417435	-0.0256454	-0.0150189	0.0106919	-0.0208226	2.12113	-0.0139428	-0.00987789	-0.00559984	-0.0171894	-0.0172293	0.0185985	-0.0131724	-0.00717177	-0.0241398	-0.00962576	-0.0091816	-0.0130436	-0.00938462	-0.0125064	-0.0111956	-0.0317216	0.01294	-0.0128351	-0.00876991	-0.0153867	-0.0137531	0.00689711	-0.0169936	-0.00412966	-0.00650898	-0.00687636	-0.00545651	-0.000583604	-0.00739049	-0.0146909	-0.0113199	-0.00769903	-0.001448	-0.0098959	-0.00972855	-0.0139854	-0.0136891	-0.0140786	-0.00868344	-0.0181538	-0.0017261	-0.011752	-0.0143495	-0.00732869	-0.0160192	-0.0111235	-0.0164796	-0.00884191	-0.0271779	-0.0105573	-0.0094935	0.0111593	-0.00700988	-0.0293951	-0.0106071	-0.00906139	-0.00693318	-0.00956363	-0.0125838	-0.0057214	-0.0152899	-0.0066282	-0.0101434	0.018114	-0.0123474	-0.00974489	-0.0140534	-0.0262012	-0.0243309	-0.0172769	-0.0164785	-0.00915508	-0.0121957	-0.00804024	-0.0251996	-0.0231169	-0.00656663	-0.00540033	-0.00905919	-0.0150506	-0.0045372	-0.00305475	-0.01318	-0.00399465	-0.00391717	-0.00814043	-0.0205753	-0.0152585	-0.00548028	-0.0135601	-0.0129742	-0.0269538	-0.0182384	-0.0235091	-0.0216937	0.00387209	-0.0162208	-0.0190945	-0.00406129	-0.0177714	-0.0141492	-0.0267294	-0.013139	-0.0179202	-0.00760042	0.00218735	-0.0159433	0.0185805	-0.0149481	-0.0163513	-0.0133901	-0.0132566	-0.0151524	-0.0330343	-0.0143337	-0.0138975	0.00240813	-0.0111376	0.0263919	-0.00802546	-0.0142263	-0.0124996	-0.0146075	-0.012794	-0.00620091	-0.0125394	-0.00331943	-0.0150361	0.00581321	-0.0250672	-0.0174942	-0.0252885	-0.0117176	-0.0137387	-0.0149411	0.00331829	-0.0155863	-0.0135949	-0.0064417	-0.00722479	-0.00912577	-0.0112342	-0.0186241	-0.0070865	-0.00468155	-0.0169067	-0.0114097	-0.00521232	0.00219366	-0.0147731	-0.00428404	-0.027451	-0.01188	0.0282477	-0.0121974	-0.00559657	-0.00115368	-0.0114583	-0.0230064	-0.0178924	-0.0168271	-0.0129968	-0.00384638	-0.00820528	-0.00527233	-0.00930423	-0.00190052	-0.0126547	-0.0148008	-0.0261351	-0.0108276	-0.00338676	0.000101472	-0.0112343	-0.00566968	-0.00972252	-0.0285661	-0.0156616	-0.0130803	-0.0164248	-0.0212957	-0.00892046	-0.00713059	-0.00823075	-0.0113034	-0.00768849	-0.0106779	-0.015863	-0.00343784	-0.0118235	-0.00429912	0.00426941	-0.0320633	-0.0162322	-0.00902237	-0.00721569	-0.0109437	-0.0116845	0.00162741
-0.00592507	-0.0273955	-0.0265098	0.0917308	-0.032976	-0.0139428	2.29225	0.162475	-0.0106237	0.0154102	-0.0280602	0.00245962	-0.0139324	-0.0202924	-0.0168766	-0.00674146	-0.0173413	-0.0144633	-0.00692549	-0.00629321	-0.00839416	-0.0267195	-0.0252757	-0.0174542	-0.0166722	-0.0109932	-0.00974858	-0.00144016	-0.0190561	-0.00918409	-0.00988144	-0.00397448	-4.93155e-05	-0.0277014	-0.00719464	-0.0119226	-0.00215782	-0.0239667	-0.00888645	-0.0155135	-0.0116786	-0.0143627	-0.0101415	0.0042807	-0.00877824	-0.0139573	-0.0132699	-0.0113553	-0.0195991	-0.0113844	-0.0151759	-0.00282854	-0.0145945	-0.0119539	-0.0185463	-0.0156124	-0.0124883	-0.0114864	-0.0101842	-0.0278983	0.00190518	-0.0160151	-0.0152025	-0.00678746	-0.00694238	-0.0154748	-0.0140878	-0.0112415	-0.0142992	-0.0104674	-0.0112614	-0.0131389	-0.0111549	-0.0157149	-0.0299395	-0.018832	-0.0034368	-0.00560536	-0.00928486	-0.000792972	-0.0187293	-0.0274757	-0.0166542	0.000583055	-0.00737365	-0.000594989	-0.0118243	-0.00929786	-0.0194234	-0.0102673	-0.0174018	-0.000916778	-0.0149817	-0.00899055	-0.0102322	-0.00771967	-0.0071649	-0.00901713	-0.0145427	-0.0205207	-0.0302229	-0.00489668	-0.0106929	-0.00694809	-0.015269	-0.0111188	-0.00904028	-0.0316706	-0.016948	-0.0156902	-0.00388589	-0.0179072	-0.00741497	0.00118818	-0.00978055	-0.0099523	-0.00835809	-0.00265977	-0.000875676	-0.0185127	-0.0150124	-0.00764739	0.0334366	-0.00766551	-0.0177664	-0.0159602	-0.0136933	-0.00280875	-0.00551039	-0.0130496	-0.0126052	-0.0191588	-0.0171186	-0.0196769	-0.0126562	-0.0263458	-0.016435	-0.0268452	-0.018388	-0.0220029	-0.0231935	-0.0133399	-0.0133685	-0.0236295	-0.0310716	-0.00458759	-0.0122918	-0.00556386	-0.0212852	-0.00997201	-0.0197904	-0.00912165	-0.0117844	-0.0156205	-0.0124613	-0.0149142	-0.00793427	-0.0322199	-0.008321	-0.00611142	-0.0111409	-0.012601	-0.0310509	-0.0120215	-0.0254079	-0.0186054	-0.0194354	-0.0122708	-0.0152906	-0.011854	-0.014734	0.00158462	-0.00154884	-0.0135336	-0.0113879	-0.0177721	-0.00774726	-0.0127385	-0.0149958	-0.0101091	-0.00999124	-0.00744262	-0.0277055	-0.0255987	-0.00789972	-0.0231312	-0.0198563	-0.0100104	-0.0120919	-0.0164611	-0.0167136	-0.0177298	-0.0195845	-0.0140425	-0.00821796	-0.0155846	-0.0168612	0.0199425	-0.0290923	-0.0117861	-0.014355	-0.0150856	-0.0228169	-0.0108418	-0.0078603
-0.0056728	-0.0226306	-0.0196093	0.0665594	-0.0264461	-0.00987789	0.162475	2.12319	-0.0142011	0.00258108	-0.0273827	-0.0126316	-0.00666141	-0.0198198	-0.0132494	-0.0132951	-0.00871251	0.00291376	-0.0129182	0.000698748	-0.000772258	-0.0201612	-0.0151897	-0.0086954	-0.0229522	-0.0173568	-0.00862465	-0.00751094	-0.0102439	-0.0162585	-0.0127269	-0.00680497	-0.00871025	-0.0144502	-0.00799238	-9.96439e-06	-0.00256953	-0.0200386	0.0149832	-0.0142261	-0.00986903	-0.0167486	-0.000565211	-0.00779101	-0.014211	-0.0237689	-0.0118613	-0.0047372	-0.00442418	-0.00639145	-0.00531591	-0.00693965	-0.0100908	-0.0110894	-0.0220344	-0.0117302	-0.00651284	-0.0109156	-0.00496183	-0.0215312	-0.0152244	-0.0160465	-0.0118332	6.85885e-05	-0.00677611	-0.00472506	-0.016893	-0.00636476	-0.0103242	0.0106511	-0.0132751	-0.0147029	-0.011999	-0.0292554	-0.0287685	-0.0191921	-0.0171241	-0.0184325	-0.0149559	-0.00340034	-0.0290995	-0.0227653	-0.0106312	-0.0153453	-0.00650637	-0.0092549	-0.00961727	-0.015195	-0.0172296	-0.0128372	-0.0167734	-0.0118666	-0.0033456	-0.00433022	-0.00526841	-0.0107358	0.0179962	-0.0122741	-0.0167329	-0.0196266	-0.0285959	-0.0122175	-0.0143806	-0.0196639	-0.00963143	-0.0159112	-0.00933318	-0.0280053	-0.00949221	-0.017966	-0.00722092	-0.0162977	-0.00901442	-0.0027123	-0.00482312	-0.0121261	-0.0121814	-0.00432346	-0.0087575	-0.0148735	0.0152211	-0.0157795	-0.00927126	-0.00687156	-0.0132682	0.00906465	-0.00993581	-0.00835255	-0.00447977	-0.014156	-0.0125415	-0.0137885	-0.0034065	-0.00952815	-0.00896222	-0.0208945	-0.0205863	-0.0223192	-0.0065029	-0.0190536	-0.0162723	-0.0106316	-0.0175711	-0.0174839	-0.0321228	-0.00424881	-0.00820356	-0.0135195	-0.0192932	-0.00426884	-0.0166951	-0.0200035	-0.0189125	-0.0161327	-0.00770732	-0.010675	-0.00168118	-0.0265977	-0.0118396	-8.58737e-05	-0.00163626	-0.0103713	-0.0330988	-0.0163062	-0.0232089	-0.00836644	-0.0197269	-0.0150756	-0.0155426	-0.00816699	-0.0114133	-0.00837119	-0.0161404	-0.00569928	-0.0230654	-0.0202456	-0.00987218	-0.00127172	-0.00561389	-0.0156592	-0.00440924	-0.0116832	-0.0284684	-0.014099	-0.0112705	-0.010889	-0.016185	-0.0135178	-0.00521827	-0.0137624	-0.0148559	-0.00975363	-0.0123702	-0.016194	-0.00489212	-0.00776965	-0.010594	-0.0134314	-0.0299942	-0.0135494	-0.0127313	-0.0129815	-0.0140789	-0.00923641	-0.00911241
-0.0104764	-0.0248604	-0.0237018	-0.00733813	-0.0299794	-0.00559984	-0.0106237	-0.0142011	2.0461	-0.00702128	-0.0253236	-0.0084357	-0.00654697	0.00989569	-0.0158781	-0.00582343	-0.0109222	-0.0144724	-0.00767019	-0.00436941	-0.0170956	-0.0230607	-0.0321877	-0.000565619	-0.0116005	-0.00769447	-0.00713069	-0.00581702	-0.0187633	-0.00827915	-0.00897995	-0.00276642	-0.00442184	-0.0252298	-0.00811643	0.00504154	0.000330974	-0.0115919	-0.00235911	-0.00785922	-0.00672093	-0.016019	-0.0050497	-0.00499105	-0.00944181	-0.0252346	-0.00988503	-0.00386432	-0.0141399	-0.00469354	-0.00931311	-0.0106069	-0.00543047	-0.00693169	-0.0191322	-0.00927444	-0.00628147	-0.00311805	-0.0143941	-0.0145611	-0.00927171	-0.00835061	-0.011667	-0.00340551	-0.00186291	-0.0180074	-0.0143974	-0.00261783	-0.00745667	-0.00991101	-0.0120502	-0.0129554	0.00670734	-0.0334775	-0.0301651	-0.0173332	-0.011826	-0.0144867	-0.00517514	0.0363893	-0.0320448	-0.0240704	-0.0112553	-0.0135018	-0.0110617	-0.00223854	-0.0130253	-0.00808849	-0.0114235	-0.012389	-0.0171756	-0.00530693	-0.0176688	-0.00525645	-0.00062649	-0.0078283	-0.00992578	-0.0255166	-0.01055	-0.0154721	-0.026704	-0.00568231	-0.0127601	-0.00974132	-0.00342444	-0.0115083	-0.0108451	-0.00140681	-0.0144532	-0.0148985	-0.000609789	-0.0195223	-0.00450001	-0.00988802	-0.0107823	-0.00817998	-0.00876962	-0.00179515	0.00251599	-0.0274519	0.00319092	0.00269777	-0.00962878	0.000121362	0.0146037	0.0141809	-0.00513288	-0.0141704	-0.0107708	-0.00704264	-0.0113483	-0.00411488	-0.0120442	-0.00662747	-0.0117154	-0.0246524	-0.0118982	-0.0240103	-0.0133771	-0.0139652	-0.0207106	-0.00886357	-0.00884266	-0.0176652	-0.0295913	-0.00307514	-0.0109187	-0.0101874	-0.0170609	-0.011787	-0.00420246	-0.0119697	-0.00313571	-0.0104814	-0.00572023	-0.0109067	-0.00834902	-0.0304765	-0.00819733	-0.00828055	-0.00472869	-0.00837911	-0.029261	-0.0132292	-0.0143781	-0.00513154	-0.0151235	-0.0105406	-0.0159188	-0.0113887	-0.0171555	-0.00206601	-0.0121382	0.00561123	-0.0156464	-0.0211052	-0.00931198	-0.0089349	-0.0134098	-0.0103809	-0.00157858	-0.0122831	-0.0329317	-0.0100967	0.00957857	-0.00959443	-0.0124216	-0.00945856	-0.000321471	-0.00376256	-0.0125169	-0.01557	-0.007245	-0.0152976	-0.00797613	-0.0178414	-0.00142793	-0.00469542	-0.019599	-0.0121404	-0.0153967	-0.0101867	-0.0147416	0.0148689	-0.0107166
-0.00607936	-0.0297639	-0.0198421	-0.0148819	-0.0342964	-0.0171894	0.0154102	0.00258108	-0.00702128	2.19097	-0.0209915	0.0435503	0.0347151	-0.0135879	-0.0165061	0.00301627	-0.0145005	-0.00659715	-0.0109395	-0.00161684	2.3455e-05	-0.0216021	-0.0290487	-0.00530789	-0.00913725	-0.00134736	-0.00983873	0.00271073	-0.0210783	0.00468737	-0.0108586	-0.0137641	0.000727618	-0.0244866	-0.0170303	-0.000973221	-0.00398555	-0.0208185	-0.00265852	0.0323932	-0.00146912	0.00381301	-0.0060053	-0.0162972	0.00272956	-0.0262031	-0.0105947	-0.0104739	-0.0199918	-0.0045394	-0.0089963	-0.0138793	-0.0106063	-0.0120776	-0.0182956	-0.0181328	-0.0080011	-0.00231464	-0.0126777	-0.0223453	0.00445727	-0.0152096	0.0011997	0.00135254	-0.00200758	-0.015024	-0.0167416	-0.00809023	-0.00735234	-0.0127218	-0.0115359	-0.0185291	-0.00499326	-0.0360549	-0.0303968	-0.0227146	-0.0186932	-0.0144181	-0.0117676	-0.00373176	-0.0322698	-0.0265019	-0.0144859	-0.00987341	-0.00675468	-0.0187204	-0.0135137	-0.00541182	0.00114833	-0.00735408	-0.0120184	-0.0128497	-0.0142763	0.0180452	-0.00671378	-0.00319527	0.00555228	-0.0283725	-0.0188316	-0.0284035	-0.0270115	-0.00175689	-0.0204764	-0.018882	-0.00723702	-0.0203945	0.0130251	-0.026787	-0.0121746	-0.00223816	-0.00883072	-0.0137868	-0.00698821	-0.00744351	-0.00489039	-0.00784618	-0.00678755	-0.0035817	-0.0118401	-0.0270354	-0.00927625	-0.0158661	0.0134801	-0.0128906	-0.0134469	-0.011306	-0.0106456	-0.0131388	-0.00197872	-0.0004754	-0.0110892	-0.0161557	-0.0135738	-0.0176283	-0.0152092	-0.0288287	-0.0192364	-0.026516	-0.0102061	-0.0117081	-0.0203085	-0.00720089	-0.00982446	-0.0178115	-0.029005	0.00340999	-0.0165411	0.00731505	-0.0264042	-0.0169365	-0.000751786	-0.00919537	-0.0137029	-0.0165444	-0.00553431	-0.0134566	-0.0150932	-0.0356357	-0.0139599	-0.00536116	-0.0118822	-0.0105028	-0.0243779	-0.0153119	-0.0159026	-0.0119485	-0.0177013	-0.0182939	-0.0210619	-0.0150949	-0.0176557	-0.0024238	-0.0172295	-0.00916046	-0.00982414	-0.0227315	-0.0100418	-0.0104252	-0.00323685	-0.0165552	-0.0131441	-0.0153433	-0.0285721	-0.0150468	-0.00640221	-0.0153517	-0.0212459	-0.0111686	-0.00803446	-0.0129294	-0.00532161	-0.0171268	-0.0128466	0.00670832	-0.0107947	0.00579435	-0.00149841	0.00842598	-0.026156	-0.0127368	-0.0140247	-0.0178154	-0.0174194	-0.00302853	-0.017672
-0.0237526	0.137724	-0.0333787	-0.00420344	0.123488	-0.0172293	-0.0280602	-0.0273827	-0.0253236	-0.0209915	2.13116	0.0577547	0.00305103	0.0110014	-0.0302094	-0.0282325	-0.0248884	-0.0256427	-0.00774688	-0.01051	-0.0258917	0.0494423	0.00612642	-0.0100706	-0.0171079	-0.0127183	-0.0245535	-0.00380051	-0.0355207	-0.0216913	-0.0291235	-0.0292778	-0.025715	0.0888534	-0.00368718	-0.0286362	-0.0233457	-0.00488124	-0.0188795	-0.0250016	-0.0229066	-0.0248667	-0.0314251	-0.0212231	-0.0159106	0.0677787	-0.0244112	-0.00917902	-0.0291308	-0.0257852	-0.0232438	-0.019205	-0.0153063	-0.0216441	-0.0342623	-0.0256741	-0.029109	-0.0139247	-0.032673	0.0562081	-0.0285815	-0.0164171	0.0685697	-0.0218804	-0.0309372	-0.0178364	-0.0355677	-0.0255712	-0.0229617	-0.0247969	-0.00482975	-0.0111571	-0.0255622	0.0213141	0.0399408	-0.0152422	-0.0336783	-0.0326935	-0.0305423	-0.0248086	0.0147524	0.0524904	-0.0216035	-0.00641567	-0.0229794	-0.0271337	-0.0236001	-0.0284601	-0.022496	-0.0201894	-0.0300256	-0.0194889	-0.0115672	-0.0271721	-0.0195532	-0.000797034	-0.0266963	0.169147	-0.032411	0.0946643	0.0653715	-0.022202	-0.0295858	-0.034834	-0.0167711	-0.0333856	0.0018449	0.154592	-0.0151729	-0.00969314	-0.0305111	-0.0261607	-0.0298749	-0.00985434	-0.0257464	-0.0120419	-0.02739	-0.0278339	-0.0228532	0.103175	-0.00917671	-0.0252008	-0.0210526	-0.026664	-0.0298821	-0.026497	-0.0011882	-0.0147142	-0.0218492	-0.018596	-0.0146614	-0.0293987	-0.0159865	-0.00932046	-0.022977	0.0521876	-0.0300798	0.0735	-0.0225061	0.0710575	0.0858907	-0.0194791	-0.0143692	-0.0386045	-0.00599241	-0.0220729	-0.0172599	-0.029588	-0.0342582	-0.0270235	-0.0323846	-0.0345669	-0.0320019	-0.0273822	-0.00377879	-0.0296333	-0.0174853	0.0864231	-0.0317773	-0.0259943	-0.0252781	-0.0229824	-0.00782734	-0.032083	-0.03922	-0.0335837	-0.0312084	-0.0376665	-0.0244287	-0.0228748	0.00916236	-0.0294527	-0.0335199	-0.0234751	-0.0351471	-0.0226136	-0.025794	-0.0310334	-0.0276602	-0.0287059	-0.0222538	-0.0290657	0.0932398	-0.0313989	-0.016133	-0.0325768	-0.0408067	-0.0240064	-0.0243332	-0.0264748	-0.0277003	-0.0290667	-0.0289454	-0.0344573	-0.0139162	-0.0294661	-0.0288394	-0.029804	0.0732749	-0.027017	-0.0252555	-0.0200742	-0.0308555	-0.0257561	-0.00936547
-0.00742115	-0.0302713	0.00104668	-0.0034154	-0.0174969	0.0185985	0.00245962	-0.0126316	-0.0084357	0.0435503	0.0577547	1.51581	-0.00676483	0.0471247	-0.0159669	-0.00733896	-0.0116357	-0.00447325	0.00749706	-0.00967426	-0.00709014	-0.0213394	-0.0268525	-0.00165178	-0.0191791	-0.0100714	-0.00755223	-0.00345354	-0.0166873	-0.00500785	-0.00447741	0.000313559	-0.00187582	-0.0173534	-0.00042276	0.000525278	-0.00834612	-0.0236455	-0.00516283	-0.00811965	-0.0125981	-0.0115137	-0.00931638	-0.00740388	-0.00976298	-0.0110651	-0.00261813	-0.00376666	-0.00957327	-0.00482022	-0.0102985	-0.00357716	-0.00640211	0.00139994	-0.0198245	-0.00790708	-0.0126266	-0.00283679	-0.00904106	-0.0221719	0.0022654	0.00897667	0.0296201	-0.00481108	-0.00924121	0.0231104	0.000600519	-0.00512983	-0.00578445	0.0146225	-0.0063081	-0.00693272	-0.00775179	-0.0250128	-0.0184182	-0.0071804	-0.013234	-0.0115859	-0.00267208	-0.00333174	-0.0211801	-0.02442	-0.0038965	-0.00960787	-0.00814113	-0.0105804	-0.00739564	-0.00829531	-0.0137712	-0.00386429	-0.00562359	-0.00276708	-0.0104823	-0.00793112	0.000239936	-0.00950064	-0.0126678	-0.0284984	-0.0122063	-0.0179507	-0.0181723	-0.0129712	-0.0125152	-0.0173248	-0.00574379	-0.00962402	0.00166123	0.02627	-0.00178595	-0.00637179	-0.0119771	-0.0091257	-0.00549102	0.0120769	-0.00697614	-0.0075461	-0.0109114	-0.00511396	-0.00709115	-0.0111762	-0.00837361	0.0142959	-0.00681516	-0.0107088	-0.00425031	-0.00930632	-0.0055647	-0.0136919	-0.00121768	-0.0077663	-0.00428844	-0.00805619	-0.00725517	-0.00953884	-0.00788183	-0.0207129	-0.00834755	-0.0266704	-0.0151274	-0.0108754	-0.0121085	-0.00311788	-0.00892725	-0.0205372	-0.0297485	-0.0051822	-0.00452386	-0.00705469	-0.0104905	-0.00511579	-0.00752972	-0.0191456	-0.00914179	-0.0118333	-0.00768255	-0.00554057	-0.00616155	-0.0284648	-0.0099643	-0.00651825	-0.00853564	0.00117874	-0.0251244	-0.00661235	-0.0134747	-0.00411473	-0.0120817	-0.00880265	-0.00828019	-0.00187007	-0.00575098	-0.00146009	-0.0139639	-0.0101719	-0.0153849	-0.022951	-0.00971917	-0.0128968	-0.0100578	-0.00483356	-0.0100287	-0.0127872	-0.0215754	-0.0130384	-0.0092554	-0.0108735	-0.0135797	-0.00215806	-0.00859085	-0.00538443	-0.00761848	-0.00788773	-0.00973654	-0.0124782	-0.00479394	-0.0119726	-0.0100701	-0.0142401	-0.028839	-0.00885494	-0.00791947	-0.00679874	-0.0146786	-0.00268886	-0.00198301
-0.00558119	-0.0286249	-0.0315956	-0.0148776	-0.029129	-0.0131724	-0.0139324	-0.00666141	-0.00654697	0.0347151	0.00305103	-0.00676483	2.31878	0.0138289	-0.0184979	-0.0115367	0.000894371	-0.0109114	-0.0129897	-0.00437671	0.00661945	-0.0235026	-0.0338535	-0.0133657	-0.0243017	-0.011185	-0.00379795	-0.00334777	-0.0164371	-0.00345808	-0.0118471	-0.00220264	-0.00127411	-0.0223115	-0.0107931	-0.00667234	-0.00983549	-0.021433	-0.00239282	0.00290341	-0.0130306	-0.0125574	-0.0125563	-0.010278	-0.00125435	-0.016374	-0.0101496	-0.0044892	-0.0182011	-0.00193307	0.000625246	-0.0101671	-0.00908921	-0.0163157	-0.0169273	-0.0212612	-0.00786396	-0.00958585	-0.01311	0.0312196	-0.0165483	-0.00876678	-0.00376971	-0.00520651	-0.00653997	0.00531242	-0.00870556	-0.00758829	-0.0111016	-0.0161818	-0.0148359	-0.0169651	-0.000222899	-0.0266802	-0.0296767	-0.0174641	-0.0183679	-0.0185414	-0.0067134	0.00663907	-0.0276758	-0.0275686	-0.00767631	-0.00876731	-0.0112147	-0.00768893	-0.0178276	-0.0100861	-0.0162227	-0.0121379	-0.0239976	-0.0136402	-0.014357	-0.00856784	-0.00721718	-0.0182603	-0.0107166	-0.0293687	-0.0188969	-0.0239693	-0.0197424	-0.00196604	-0.0164106	-0.0204158	-0.00649723	-0.0164552	-0.00818434	-0.0305349	-0.0112509	-0.0112474	-0.0155932	-0.0165134	0.0058494	0.0319269	0.0102752	-0.000844538	0.00748813	-0.0116634	-0.00291083	-0.0282329	-0.0110188	0.00429494	-0.00466055	-0.00721598	-0.0194709	-0.00800375	-0.00653352	-0.0118406	-0.00319302	-0.00846346	-0.00723677	-0.0154632	-0.0185649	-0.0141131	-0.0063673	-0.0296235	-0.0163324	-0.0240248	-0.0136235	-0.0206791	-0.0236915	-0.00703879	-0.00208562	-0.0216365	-0.0247463	-0.0105231	-0.00636302	-0.00777046	-0.0220605	-0.0163196	-0.00315723	-0.010452	-0.0171206	-0.0138106	-0.0152335	-0.0128909	-0.00813617	-0.0363384	-0.0143285	-0.015619	-0.0101612	6.60586e-05	-0.0212116	-0.0141021	-0.020816	-0.0160226	-0.0182975	-0.0130553	-0.0175674	-0.0132551	-0.0163632	-0.0114588	-0.0134493	-0.0126774	-0.0224037	-0.0285869	-0.00808707	-0.0105413	-0.0141897	-0.0116478	-0.0132548	-0.0101244	-0.0331625	-0.0166492	-0.00389799	-0.0164236	-0.0166259	-0.00845346	-0.0160445	-0.0143186	-0.0065371	-0.0207919	-0.00951883	-0.0190706	-0.0153626	-0.0134048	-0.0146587	-0.0170993	-0.0305247	-0.0139981	-0.0175812	-0.01712	0.052345	-0.00824493	-0.0143643
-0.0088877	-0.0198093	0.0633467	-0.0079913	0.0108415	-0.00717177	-0.0202924	-0.0198198	0.00989569	-0.0135879	0.0110014	0.0471247	0.0138289	1.57996	-0.0253784	-0.0113694	-0.00621096	-0.00728096	-0.0118604	-0.0155807	-0.0108625	-0.0322836	-0.0420826	-0.0107045	-0.0224814	-0.0175967	-0.0122074	0.000897623	-0.0241825	-0.010528	-0.00544454	-0.0125616	-0.0138885	-0.019891	0.00714045	-0.0183116	-0.0121866	-0.0319516	-0.0108997	-0.0144341	-0.00275981	-0.0220875	-0.00381931	-0.0121467	-0.00152144	-0.0296532	-0.00529308	-0.0142102	0.0207326	-0.00663121	-0.00657287	-0.0158415	-0.00432875	-0.011103	-0.0225283	-0.0146151	-0.0198729	-0.000556622	-0.0154459	-0.0275116	-0.00161847	0.041506	0.0501388	-0.00875002	-0.0224504	0.0164086	0.177567	-0.01102	0.00676241	-0.0111048	-0.0170119	-0.0181833	-0.0130707	0.0284062	0.026213	0.0313259	-0.0135352	-0.0181662	-0.0164561	-0.0115952	0.0227834	-0.0165522	-0.0123623	-0.0109454	-0.0131874	-0.0131784	0.00714604	-0.01662	0.0050949	-0.00575561	0.0369905	-0.0133982	-0.022399	-0.0153456	-0.00912167	-0.0136884	-0.0176088	-0.0324707	-0.00467677	-0.0208857	-0.00947208	-0.00767046	-0.018147	-0.00554235	-0.0104997	-0.0223725	-0.0226146	-0.0319343	0.00771003	-0.00885853	-0.016041	0.0583898	-0.0136595	0.0135438	-0.0133466	-0.00964042	-0.0158515	-0.0150475	-0.0171642	-0.0287337	-0.0104356	0.0111725	-0.0256266	-0.00366314	-0.00342393	-0.0177936	-0.0181762	-0.0198244	-0.0174379	-0.0139122	0.00458465	0.0171016	-0.000582292	-0.0103165	0.00350056	-0.0297375	-0.0150198	-0.0312996	-0.0149235	-0.0131707	-0.0118068	-0.0101136	-0.0114366	-0.0274061	-0.0369666	-0.0179449	-0.00819692	0.0141614	0.0262978	0.0265131	-0.0103637	-0.00165592	-0.0157034	-0.0120784	-0.00760904	-0.00791911	0.00394095	-0.0325078	-0.00301715	-0.00394632	-0.0168583	-0.0129589	-0.0412295	-0.0132231	-0.0329156	-0.0135472	-0.0144437	-0.0116158	-0.0178056	-0.0122394	-0.0119528	-0.0124409	-0.0208879	-0.0145209	0.00951081	-0.0303698	-0.0126363	-0.0185458	0.014758	-0.00530948	-0.0140601	-0.0189836	-0.0339721	-0.0119366	-0.0124168	-0.0228257	-0.0149163	-0.0156554	0.00511755	-0.00314374	-0.0139841	0.0468003	-0.0158389	-0.0201999	-0.0120482	-0.0193213	-0.011124	-0.0178263	-0.0296991	-0.0177557	-0.0170426	-0.0113466	0.0132288	-0.0193524	-0.00629525
-0.0118102	-0.0297774	0.16511	-0.0220346	-0.0264237	-0.0241398	-0.0168766	-0.0132494	-0.0158781	-0.0165061	-0.0302094	-0.0159669	-0.0184979	-0.0253784	2.27086	-0.0136743	-0.0177826	-0.0184741	-0.02107	-0.0113163	-0.0185918	-0.029866	-0.0140808	-0.0154295	-0.0204047	-0.0143973	-0.0147546	-0.00908974	-0.0171291	-0.0177042	-0.00836575	-0.0149092	-0.00558552	-0.0344605	-0.0192147	-0.0128506	-0.0125509	-0.0316609	-0.00825983	-0.0185197	-0.0153729	-0.0142295	-0.0234085	-0.0168971	-0.0180377	-0.0306083	-0.0172454	0.00282534	-0.022383	-0.0136272	-0.0181769	-0.0176475	-0.0188912	-0.0121745	0.20134	0.00687084	-0.014979	0.00471908	-0.0196721	-0.0310462	-0.0247821	-0.00585252	-0.0176623	-0.0131581	-0.0138167	-0.00967303	-0.0229402	0.00726186	-0.0245334	-0.0141006	0.00100275	0.00124979	-0.0202749	-0.036828	-0.0352486	-0.0172282	-0.00728864	-0.0100535	-0.0171288	-0.0164657	-0.0362564	-0.0306144	-0.0174304	-0.0151988	-0.0154492	-0.0216658	-0.0117132	-0.00247293	-0.0173414	-0.0111607	-0.023207	-0.00818126	0.12193	-0.0162371	-0.0162148	-0.023971	-0.0225055	-0.0371299	-0.0182211	-0.0339396	-0.0306632	-0.0251503	-0.0167175	-0.0183174	-0.0134352	-0.016848	-0.0185492	-0.0263289	0.0536763	-0.00908774	-0.00733208	-0.0166474	-0.0157591	-0.0071651	-0.0168491	-0.0181511	-0.0109796	-0.0143753	-0.00601898	-0.0341998	-0.0131634	-0.0133804	-0.0177775	-0.0162992	-0.0148	-0.0203761	-0.00381205	-0.0189586	-0.0182271	-0.0181499	-0.00725537	-0.0257276	-0.0186917	-0.00460674	-0.00763887	-0.0322852	-0.0207238	-0.0241515	-0.0198023	-0.0253024	-0.0286158	-0.0182056	-0.0216681	0.167123	-0.0267342	-0.0134573	-0.017676	-0.0156285	-0.0130193	-0.0276892	-0.018937	-0.0194889	-0.0112758	-0.0179415	-0.0149034	-0.0140286	-0.0138319	-0.04227	-0.00693569	-0.0154184	-0.0245654	-0.0198511	-0.030719	-0.0163333	-0.0240429	-0.0157842	-0.0223452	-0.0188268	-0.0231171	-0.0213402	-0.0236025	-0.0161797	-0.022202	-0.0110267	-0.0239049	0.212143	-0.0151427	-0.0120368	-0.0200202	-0.00256528	0.00122254	-0.0115826	-0.0388896	-0.0206074	-0.0167713	-0.0215937	0.173365	-0.0202071	-0.0202536	0.0245299	-0.0212805	-0.0245627	-0.0176238	-0.0269457	-0.00582231	-0.0232592	-0.0081446	-0.0120466	-0.0340245	-0.010036	-0.0108944	-0.0164035	-0.0197837	-0.0110823	-0.0217581
-0.00323121	-0.0341134	-0.020345	-0.0140141	-0.0302649	-0.00962576	-0.00674146	-0.0132951	-0.00582343	0.00301627	-0.0282325	-0.00733896	-0.0115367	-0.0113694	-0.0136743	2.00203	-0.0128378	-0.00601136	-0.0125378	-0.00542708	-0.0115311	-0.0281868	-0.0315881	-0.00232626	-0.0204569	-0.0116895	-0.0114934	-0.00372256	-0.0194219	-0.00793222	-0.0114828	-0.00161639	-0.00437887	-0.0229315	-0.00852044	-8.93576e-05	-0.00823352	-0.0213036	-0.0106078	-0.00431736	-0.00935932	-0.0122119	-0.00735737	-0.00779473	0.00212377	-0.0251502	0.00203927	-0.00634993	-0.00863881	-0.00658812	-0.00635909	0.0035989	-0.0107432	-0.0082988	-0.0238973	-0.0130414	-0.00561614	-0.00909995	-0.0103845	-0.0211	-0.0107282	-0.00933473	-0.0081512	0.00139037	-0.00625322	-0.00145618	-0.00888387	-0.00974521	-0.00592419	-0.00910585	-0.00392571	-0.0077524	-0.000915381	-0.0318597	-0.0265272	-0.0152275	-0.00986706	-0.0120299	-0.00648482	-0.00790706	-0.0299509	-0.0295282	-0.00796822	-0.00900125	-0.00700342	-0.0108559	-0.0131336	-0.00151749	-0.00716557	-0.00193828	-0.0145708	-0.00411959	-0.0168703	-0.00666493	-0.00759067	-0.00403447	-0.0042558	-0.0245907	-0.018462	-0.0175455	-0.021095	0.00588513	-0.0118635	-0.0182516	-0.00769509	-0.0159274	-0.00770634	-0.0263135	-0.0125878	-0.00951681	-0.00838848	-0.0158062	-0.00503364	-0.0107089	0.00164259	-0.00558177	-0.00754222	-0.00558218	0.00513404	-0.0225969	-0.00846699	-0.000940528	0.000813528	-0.0104323	-0.0113679	-0.00608848	-0.0125055	-0.0079891	-0.00610951	-0.00456686	-0.012446	-0.0121337	-0.0155519	-0.00387527	-0.0170334	-0.0183188	0.0543239	-0.0226398	-0.00684688	-0.0159535	-0.021181	-0.00994232	-0.00788376	-0.0173435	-0.0338858	-0.0123704	0.000253429	-0.0117731	-0.0175353	-0.0177831	-0.00728717	-0.00656818	-0.00522105	-0.0103672	-0.0087894	-0.00735369	-0.00150274	-0.0206317	-0.0152815	-0.010537	-0.0141954	-0.00398074	-0.0308294	0.0447861	-0.018868	-0.00913416	0.0492423	-0.0029856	-0.0110935	-0.011848	-0.0118037	-0.000662509	-0.00863511	-0.0045166	-0.0118073	-0.0177465	-0.013236	-0.00812238	-0.0117526	-0.0038833	-0.0112626	-0.0166009	-0.0250211	-0.0170832	-0.0118768	-0.0140777	-0.0222883	-0.00316996	-0.0185995	-0.0112337	-0.00937503	-0.0117558	0.0115409	-0.0134104	-0.00741791	-0.0165501	-0.00301613	-0.00615177	-0.0212706	-0.00746569	-0.00826944	-0.00781581	-0.0142412	-0.00296312	-0.0131389
-0.00517314	-0.0219557	-0.0270704	-0.00952483	-0.0301604	-0.0091816	-0.0173413	-0.00871251	-0.0109222	-0.0145005	-0.0248884	-0.0116357	0.000894371	-0.00621096	-0.0177826	-0.0128378	2.10251	-0.0058626	-0.00128308	-0.00347611	-0.0142651	-0.0203704	-0.01971	0.000967245	-0.022248	-0.00628326	-0.0067259	-0.00827684	-0.0140331	-0.0116538	0.0063118	-0.0120803	-0.00723287	-0.0263704	0.0358202	-0.00877472	-0.00722184	-0.0254788	-0.00874251	-0.0107974	0.0285366	0.0245425	-0.00578818	0.000747959	-0.0096864	-0.0278398	-0.0144198	-0.00704195	-0.019442	-0.00444809	-0.00468502	-0.00892621	-0.00943455	-0.00603709	-0.00821846	-0.0127202	-0.0125832	-0.00957676	-0.0120786	-0.0220612	-0.012699	-0.00587942	-0.00659944	0.00363823	-0.00287964	-0.0120051	-0.0107744	-0.00215435	-0.0157091	-0.00963451	-0.0109675	-0.0131786	-0.00982814	-0.03286	-0.0253912	-0.0167354	-0.00817723	-0.0043087	-0.00697668	-0.00725815	-0.0277023	-0.025407	-0.00836651	-0.0101107	-0.00508254	-0.0176937	-0.0109419	-0.0104306	-0.00954859	-0.00885358	-0.0139802	-0.00988797	-0.0162263	0.00571499	-0.00475352	-0.00203471	-0.0139211	-0.0252022	-0.008443	-0.0269887	-0.0265244	-0.0105626	-0.0105953	-0.0101751	-0.0112782	-0.015943	-0.0138563	0.00228698	-0.0118185	-0.019336	-0.0117878	0.00717276	-0.000447406	-0.00673617	-0.0155453	-0.00503757	-0.0129215	-0.00640946	-0.00725376	-0.0294452	-0.0119091	-0.0112233	-0.0097489	-0.00420122	-0.0122017	-0.00931516	-0.0141139	-0.0101373	-0.00665316	-0.005211	-0.00164212	-0.0177675	-0.0101153	-0.00999137	-0.0101299	-0.023277	-0.00909468	0.00587936	-0.00745097	-0.0145235	-0.0189471	-0.0137781	0.0053939	-0.0142922	-0.0106265	0.00950639	-0.00481291	-0.0126316	-0.0155404	-0.0205795	-0.00183254	-0.0187694	-0.00488143	-0.0098526	-0.00794368	0.00475633	-0.00280081	-0.0323815	-0.0121771	-0.0166122	-0.00755211	-0.00363557	0.00326475	0.000926945	-0.0238816	-0.00670102	-0.0146182	-0.0178606	-0.0177921	-0.00675653	-0.00770115	-0.0159226	-0.00733358	-0.00508863	-0.0194672	-0.017337	-0.00454596	-0.0164247	-0.0106083	-0.0177025	-0.00809452	-0.0116639	-0.0282011	-0.0149896	-0.0156176	-0.00497393	-0.0181986	-0.00537083	-0.0134242	-0.0078212	-0.0140364	-0.00013214	-0.0107622	-0.0123132	-0.00894964	-0.01525	-0.0115281	-0.0107589	-0.0279476	-0.0172541	-0.0124781	-0.00708476	-0.013894	-0.0138873	-0.0120441
